25,3
25,2
25,1
25,0
0,278
0,9
32,4
32,3
32,2
32,1
32,0
33,52
33,51
33,50
33,49
33,48
33,47
33,46
33,45
33,44
33,43
33,42
33,41
33,40
33,39
33,38
33,37
33,36
33,35
0,273
0,270
3,1
3,3
10,197
10,9
10,295
10,283
10,79
10,17
10,73
11,29
11,9
11,11
11,17
11,21
11,25
9,5
8,18
8,9
8,10
8,5
11,28
11,26
11,24
12,2
12,1
11,20
12,3
20,2
20,1
11,16
20,3
19,2
11,14
11,1
19,1
11,10
11,3
19,3
11,2
10,260
10,184
10,128
10,126
10,114
10,112
10,104
10,1
18,1
10,26
10,3
18,3
14,1
10,2
9,7
9,6
9,4
9,3
9,2
14,3
13,1
9,1
8,16
8,15
8,12
